[
	{
		"Id": 10533639052398482572,
		"Address": [0,0,0,0],
		"DomainName": null,
		"Port": 57120,
		"PublicKey": [212,120,77,1,118,55,15,48,107,226,1,151,66,8,21,196,90,43,245,124,27,169,80,230,52,34,122,31,173,213,171,7]
	},
	{
		"Id": 17933611224272497010,
		"Address": [0,0,0,0],
		"DomainName": null,
		"Port": 57121,
		"PublicKey": [54,66,102,130,144,72,117,200,20,208,167,143,89,243,217,52,79,252,75,229,49,212,147,170,197,125,125,198,72,91,2,46]
	},
	{
		"Id": 6732831863023000957,
		"Address": [0,0,0,0],
		"DomainName": null,
		"Port": 57122,
		"PublicKey": [33,189,164,145,161,174,184,187,17,45,183,85,169,155,188,203,24,161,4,183,67,4,70,199,150,204,183,43,199,192,41,115]
	},
	{
		"Id": 6959444498762044593,
		"Address": [0,0,0,0],
		"DomainName": null,
		"Port": 57123,
		"PublicKey": [12,31,55,137,89,126,176,211,75,131,229,81,143,200,31,116,252,146,46,70,49,192,85,64,104,13,113,71,137,13,111,110]
	},
	{
		"Id": 16167685639748684415,
		"Address": [0,0,0,0],
		"DomainName": null,
		"Port": 57124,
		"PublicKey": [136,132,65,167,237,126,151,54,211,131,185,149,52,106,127,140,169,14,87,114,35,152,115,157,139,89,72,146,107,177,228,126]
	},
	{
		"Id": 9530467859036180211,
		"Address": [0,0,0,0],
		"DomainName": null,
		"Port": 57125,
		"PublicKey": [254,45,221,92,215,199,135,8,226,60,157,67,195,198,249,114,119,124,152,41,67,126,74,197,255,192,180,152,199,234,255,109]
	},
	{
		"Id": 14579863195960047515,
		"Address": [0,0,0,0],
		"DomainName": null,
		"Port": 57126,
		"PublicKey": [109,6,114,31,172,48,114,153,69,68,243,247,137,234,137,80,137,55,83,126,109,203,26,236,213,53,11,230,68,181,201,120]
	},
	{
		"Id": 2063257404123041475,
		"Address": [0,0,0,0],
		"DomainName": null,
		"Port": 57127,
		"PublicKey": [178,98,252,46,98,248,223,140,0,31,239,82,149,114,125,187,199,175,238,146,113,244,101,127,3,107,109,238,254,9,87,63]
	},
	{
		"Id": 6672896827458829004,
		"Address": [0,0,0,0],
		"DomainName": null,
		"Port": 57128,
		"PublicKey": [2,66,18,4,161,253,210,251,49,156,189,126,203,87,169,133,27,45,65,65,245,51,255,76,84,220,220,183,146,37,194,75]
	},
	{
		"Id": 12914973050527190522,
		"Address": [0,0,0,0],
		"DomainName": null,
		"Port": 57129,
		"PublicKey": [43,151,188,1,50,193,100,13,26,185,99,113,85,7,179,48,181,138,231,237,39,93,41,198,78,92,92,88,41,247,68,75]
	},
	{
		"Id": 5200708386726470967,
		"Address": [0,0,0,0],
		"DomainName": null,
		"Port": 57130,
		"PublicKey": [12,161,45,176,79,28,207,94,181,176,150,221,23,145,153,61,73,30,127,21,134,136,179,132,237,221,82,122,29,184,157,68]
	},
	{
		"Id": 5328433806442521566,
		"Address": [0,0,0,0],
		"DomainName": null,
		"Port": 57131,
		"PublicKey": [208,54,93,147,39,231,71,63,107,15,206,49,12,252,145,181,53,115,180,81,176,88,127,60,98,229,15,105,235,30,61,40]
	},
	{
		"Id": 12819911897647439629,
		"Address": [0,0,0,0],
		"DomainName": null,
		"Port": 57132,
		"PublicKey": [68,39,39,47,111,70,201,142,118,24,231,52,201,252,44,46,109,182,104,25,117,215,75,86,159,230,132,110,46,21,20,101]
	},
	{
		"Id": 18168278063149022679,
		"Address": [0,0,0,0],
		"DomainName": null,
		"Port": 57133,
		"PublicKey": [187,47,65,168,132,97,127,219,97,245,44,142,74,44,75,112,174,57,23,125,13,215,248,138,253,11,181,253,133,140,149,64]
	},
	{
		"Id": 18196227013760119928,
		"Address": [0,0,0,0],
		"DomainName": null,
		"Port": 57134,
		"PublicKey": [42,170,161,198,43,45,29,99,43,125,114,244,84,112,18,7,171,105,72,116,30,43,131,110,107,65,2,173,124,168,38,48]
	},
	{
		"Id": 2411168924168753383,
		"Address": [0,0,0,0],
		"DomainName": null,
		"Port": 57135,
		"PublicKey": [33,45,32,164,157,140,76,204,177,231,112,125,196,181,63,234,27,122,150,160,80,238,39,181,200,106,242,58,106,160,105,22]
	},
	{
		"Id": 9850130790731453038,
		"Address": [0,0,0,0],
		"DomainName": null,
		"Port": 57136,
		"PublicKey": [141,199,212,116,159,41,35,140,235,104,241,113,106,68,155,35,229,18,152,67,106,157,105,232,215,114,163,228,55,109,98,67]
	},
	{
		"Id": 14240870863336914912,
		"Address": [0,0,0,0],
		"DomainName": null,
		"Port": 57137,
		"PublicKey": [16,24,117,101,64,235,23,70,100,133,209,39,245,109,28,190,163,106,55,196,144,79,100,22,112,147,154,78,186,48,183,21]
	},
	{
		"Id": 33564372914258235,
		"Address": [0,0,0,0],
		"DomainName": null,
		"Port": 57138,
		"PublicKey": [102,209,20,104,60,243,251,163,243,126,116,74,168,71,79,199,88,138,226,33,162,238,197,164,182,178,35,33,227,151,254,19]
	},
	{
		"Id": 7003290653145848000,
		"Address": [0,0,0,0],
		"DomainName": null,
		"Port": 57139,
		"PublicKey": [70,7,147,173,11,121,37,28,131,80,130,63,64,253,25,73,245,222,121,238,161,64,190,166,119,148,103,4,28,180,57,46]
	},
	{
		"Id": 2106934120893185004,
		"Address": [0,0,0,0],
		"DomainName": null,
		"Port": 57140,
		"PublicKey": [217,24,220,56,32,162,243,29,222,191,65,168,134,230,238,77,175,158,28,163,206,186,26,127,33,108,29,41,128,37,240,5]
	},
	{
		"Id": 8480944131173047360,
		"Address": [0,0,0,0],
		"DomainName": null,
		"Port": 57141,
		"PublicKey": [1,120,60,178,209,145,214,177,252,124,194,174,250,92,66,181,140,142,240,213,254,164,239,90,61,126,111,250,15,31,18,119]
	},
	{
		"Id": 10186120835861842033,
		"Address": [0,0,0,0],
		"DomainName": null,
		"Port": 57142,
		"PublicKey": [238,150,218,148,154,103,2,99,26,157,135,217,168,203,95,25,49,228,1,40,69,22,190,247,30,191,249,227,215,234,201,46]
	},
	{
		"Id": 14608708606805196983,
		"Address": [0,0,0,0],
		"DomainName": null,
		"Port": 57143,
		"PublicKey": [93,108,110,47,201,212,122,206,185,189,25,112,194,96,119,217,205,238,1,118,224,174,221,162,135,220,79,165,183,240,132,41]
	},
	{
		"Id": 3439270478929687716,
		"Address": [0,0,0,0],
		"DomainName": null,
		"Port": 57144,
		"PublicKey": [40,164,243,39,99,56,72,96,126,230,30,105,141,105,141,83,45,168,138,96,233,162,109,66,33,147,105,191,57,98,199,123]
	},
	{
		"Id": 11638714168363620602,
		"Address": [0,0,0,0],
		"DomainName": null,
		"Port": 57145,
		"PublicKey": [72,19,248,240,80,49,1,44,234,195,132,185,196,208,17,166,41,98,111,53,228,147,74,230,252,179,220,102,132,34,186,94]
	},
	{
		"Id": 15742720492618406309,
		"Address": [0,0,0,0],
		"DomainName": null,
		"Port": 57146,
		"PublicKey": [176,68,207,57,87,145,126,31,172,168,95,170,143,201,196,29,163,185,79,124,192,95,116,28,23,49,155,169,134,150,222,38]
	},
	{
		"Id": 10333358096234947952,
		"Address": [0,0,0,0],
		"DomainName": null,
		"Port": 57147,
		"PublicKey": [5,120,197,58,164,8,250,58,55,189,106,96,139,51,110,20,235,196,79,39,56,90,65,215,224,134,82,29,153,224,116,62]
	},
	{
		"Id": 10142316167243544784,
		"Address": [0,0,0,0],
		"DomainName": null,
		"Port": 57148,
		"PublicKey": [178,166,203,73,224,177,5,222,119,43,204,123,111,115,76,61,120,249,125,75,26,124,131,81,72,229,245,158,41,195,194,83]
	},
	{
		"Id": 5286596465263250208,
		"Address": [0,0,0,0],
		"DomainName": null,
		"Port": 57149,
		"PublicKey": [232,115,131,241,153,24,149,120,162,190,129,108,251,219,206,161,167,64,7,156,40,85,101,163,115,69,35,67,37,157,25,76]
	}
]